-0.5327467933899593 -0.3050060409710228 0.7893998790878415
-0.6645077745173895 -0.22259180261438813 -0.7133598720245088
-0.36023295987125487 -0.8866751756776081 0.289895407793014
-0.22644204531857554 -0.7071592255975363 0.6698132797759634
0.1960778623903089 -0.9152526483563092 -0.3519461060406968
-0.8523553955015045 -0.10270229297276177 0.512779210555197
0.02752333431915485 -0.9983200341062606 0.050986033087806956
-0.7107008219823493 -0.7033388678517029 -0.014791166373818828
0.5931312742221097 0.21111395548573206 0.7769338384565476
-0.9207474998377174 -0.35501323266480733 0.16183215433119663
0.5605010899985653 0.4609999775935807 -0.6879807764531932
-0.6126729765194302 -0.6232776680405171 -0.48595964067481645
0.6290701083277724 0.7731028595604271 0.08113425508362915
0.8890226092327884 -0.32771044933906557 0.3197571917360306
-0.8991685504767821 0.10053246038748849 -0.4258980420733587
0.15252460823766387 -0.8800607856947948 0.4496990742309878
0.1424025126293709 0.6619901770944062 -0.7358604010458497
0.6432536398479634 0.022668357816565784 -0.7653175160521594
0.602065181004956 -0.6765636740628217 0.42400367069175904
-0.3556660810055228 -0.9184815427203025 -0.17289677412926482
-0.49963172230008374 0.8360016097982176 -0.22686879575261337
0.409958073819416 0.8205341669643158 -0.39831904116480626
-0.8671147752950275 0.494991683923741 -0.055634515468305744
-0.1945826776306645 -0.8073255825807356 -0.5571023113188069
0.29142299916045833 -0.5909275281646864 0.7522481585338027
0.1815416577125762 -0.6414995899355875 -0.7453327462465625
0.7703759150747933 0.5661763219339899 -0.2931984344330199
0.16774382516208924 0.24237551532092283 0.9555710955721232
0.5492920222922102 -0.3935926016079416 -0.7371316966496735
0.8210001707034306 -0.5696286752561562 -0.03849535076934174
-0.15425524844531732 0.3645525422218426 -0.9183173537980567
0.4775131088793251 -0.8774922718680951 0.044593089825344046
0.583542451003004 -0.7036239033372053 -0.40545235297124876
0.2905333642366023 0.872422466966341 0.39302595766402687
-0.25251055601500483 -0.06037381837578349 -0.9657087662208111
0.30513602779947263 -0.1659540650647577 0.9377373048072909
-0.6080134626183595 0.1832628080816111 0.7724858396429514
-0.18862380986045232 0.4982523628910712 0.8462657036812921
-0.6608591543599989 -0.5872346510764994 0.46735494292202506
-0.09171850384496315 -0.37934442026851484 0.9206983908227417
-0.8605440512931549 0.34042891650883805 0.37890907694139836
0.2588032583295599 0.20546796177603216 -0.9438240249970364
-0.27527286366576964 -0.47248113509899786 -0.8372493221883248
-0.33976013068924604 0.6741747834447802 -0.6557830547987727
0.28150613964807336 0.6126500395173377 0.7385216465479154
-0.7196754975380338 0.5129245222417104 -0.4679483013394715
-0.5826007435944697 0.22083133602737123 -0.7821827756934674
0.9215196373583453 0.37811069653010265 0.08850909067697318
-0.9976720900859684 0.06326751645557147 0.025448418910406403
0.6798800913396429 0.5554199501545439 0.4788232872055442
0.16985272880306598 -0.22921871118093204 -0.958440834356876
-0.5398856042235521 0.5966318411856725 0.5937625623391597
-0.23741904988932513 0.037701638664792106 0.9706754252537971
-0.14146197790323575 0.8356243789491106 0.5307734037361119
-0.6066253247715263 0.7674382843480992 0.20747094992476972
0.8625361895210609 -0.2966110156946586 -0.40994295595249775
0.21685839387751182 0.9758325058282014 -0.026895307656165157
-0.8974054335477957 -0.32805658769047524 -0.29502942753524536
0.8977456793071734 0.1632145793381097 -0.409162188351741
0.9976042159177466 -0.06472182448606535 -0.024431819791682033
0.665585109194031 -0.26496834109052797 0.6977021145438098
-0.0680168784598243 0.9219815542562895 -0.3812134806846926
-0.20384525244367283 0.9724394414414294 0.11317528787352917
0.887182767259288 0.11229714555702883 0.4475445101639566